

Model/statistic | 1 point  | 2 points | 3 points | 4 points | 5 points | 6 points |
-----------------------------------------------------------------------------------
ML-inf          |   625.19 |    65.79 |   192.65 |   144.46 |    77.31 |    37.18 |
MAP-inf         |   443.55 |    41.70 |   150.94 |   100.98 |    47.48 |    22.96 |
-----------------------------------------------------------------------------------
MAP-e4          |  1088.65 |   179.28 |   198.51 |   142.28 |    77.93 |    39.00 |
MAP-e5          |   644.86 |    95.18 |   210.09 |   153.28 |    75.92 |    34.89 |
-----------------------------------------------------------------------------------
RML-e4-1        |  5037.94 |  1331.64 |   783.41 |   581.17 |   364.20 |   237.29 |
RML-e4-mean     |  3652.30 |   717.12 |   425.48 |   311.64 |   175.79 |    85.94 |
RML-e4-median   |  3683.08 |   731.59 |   435.67 |   321.23 |   183.90 |    95.40 |
-----------------------------------------------------------------------------------
RML-e5-1        |  1586.55 |   218.63 |   257.94 |   203.48 |   117.23 |    68.71 |
RML-e5-mean     |  1721.15 |   186.50 |   207.82 |   151.97 |    77.57 |    33.46 |
RML-e5-median   |  1732.33 |   188.65 |   208.73 |   153.30 |    77.77 |    34.63 |
-----------------------------------------------------------------------------------
RML-e4-var      |   0.0164 |   0.0204 |   0.0214 |   0.0210 |   0.0192 |   0.0166 |
RML-e5-var      |   0.0091 |   0.0062 |   0.0054 |   0.0049 |   0.0043 |   0.0035 |
-----------------------------------------------------------------------------------