Percentile      | 1 point  | 2 points | 3 points | 4 points | 5 points | 6 points |
-----------------------------------------------------------------------------------
RML-e4-min      |  2589.12 |   635.27 |   496.78 |   409.78 |   283.20 |   181.30 |
RML-e4-p10      |  3160.97 |   702.99 |   537.41 |   448.89 |   314.57 |   210.72 |
RML-e4-p50      |  3652.09 |   839.32 |   591.03 |   490.69 |   351.76 |   237.70 |
RML-e4-p90      |  4539.46 |  1162.21 |   744.60 |   578.39 |   390.05 |   274.46 |
RML-e4-max      |  5570.00 |  1578.68 |   877.01 |   625.97 |   429.16 |   290.14 |
-----------------------------------------------------------------------------------
RML-e5-min      |   764.14 |   137.17 |   214.30 |   168.21 |    95.45 |    53.94 |
RML-e5-p10      |  1192.08 |   162.77 |   234.48 |   178.87 |   104.38 |    56.94 |
RML-e5-p50      |  1647.35 |   223.89 |   254.97 |   194.59 |   114.50 |    63.98 |
RML-e5-p90      |  2325.18 |   295.19 |   279.71 |   215.05 |   132.38 |    76.30 |
RML-e5-max      |  2784.27 |   374.78 |   301.48 |   238.74 |   151.86 |    88.05 |
-----------------------------------------------------------------------------------
Mean                                                                              |
-----------------------------------------------------------------------------------
RML-e4          |  3789.14 |   892.79 |   614.85 |   501.84 |   353.09 |   240.04 |
RML-e5          |  1688.52 |   228.99 |   255.03 |   195.70 |   117.13 |    65.11 |
-----------------------------------------------------------------------------------