

Model/statistic | 1 point  | 2 points | 3 points | 4 points | 5 points | 6 points |
-----------------------------------------------------------------------------------
ML-inf          |   625.19 |    65.79 |   192.65 |   144.46 |    77.31 |    37.18 |
MAP-inf         |   443.55 |    41.70 |   150.94 |   100.98 |    47.48 |    22.96 |
-----------------------------------------------------------------------------------
MAP-e4          |  1257.94 |   140.77 |   207.49 |   153.29 |    82.61 |    39.82 |
MAP-e5          |   936.00 |   114.62 |   208.32 |   162.86 |    79.37 |    36.78 |
-----------------------------------------------------------------------------------
RML-e4-n-mean   |  3836.03 |   908.44 |   622.83 |   504.64 |   355.15 |   241.40 |
RML-e4-mean     |  3691.63 |   716.44 |   417.96 |   301.08 |   167.55 |    81.17 |
RML-e4-median   |  3716.53 |   726.48 |   427.76 |   311.34 |   175.98 |    88.02 |
-----------------------------------------------------------------------------------
RML-e5-n-mean   |  1791.16 |   236.66 |   255.70 |   196.72 |   117.45 |    65.65 |
RML-e5-mean     |  1709.34 |   178.40 |   204.06 |   150.79 |    77.05 |    32.68 |
RML-e5-median   |  1749.24 |   185.33 |   205.76 |   151.63 |    77.76 |    33.13 |
-----------------------------------------------------------------------------------