

Model/statistic | 1 point  | 2 points | 3 points | 4 points | 5 points | 6 points |
-----------------------------------------------------------------------------------
ML-inf          |   625.19 |    65.79 |   192.65 |   144.46 |    77.31 |    37.18 |
MAP-inf         |   443.55 |    41.70 |   150.94 |   100.98 |    47.48 |    22.96 |
-----------------------------------------------------------------------------------
MAP-e4          |  1088.65 |   179.28 |   198.51 |   142.28 |    77.93 |    39.00 |
MAP-e5          |   644.86 |    95.18 |   210.09 |   153.28 |    75.92 |    34.89 |
MAP-e6          |   663.73 |    81.26 |   196.81 |   154.13 |    79.78 |    39.50 |
-----------------------------------------------------------------------------------
RML-e4-1        |   863.98 |   100.56 |   169.18 |   123.36 |    64.08 |    32.51 |
RML-e4-mean     |  1043.18 |   120.27 |   188.62 |   140.15 |    74.52 |    36.93 |
RML-e4-median   |   824.76 |    81.58 |   163.08 |   117.18 |    56.00 |    22.22 |
-----------------------------------------------------------------------------------
RML-e5-1        |   900.62 |    86.83 |   168.94 |   120.63 |    64.22 |    30.67 |
RML-e5-mean     |   630.01 |    41.00 |   153.69 |   109.27 |    52.14 |    21.07 |
RML-e5-median   |   609.84 |    40.77 |   155.31 |   110.28 |    53.42 |    21.88 |
-----------------------------------------------------------------------------------
RML-e4-var      |   0.0348 |   0.0305 |   0.0283 |   0.0294 |   0.0308 |   0.0320 |
RML-e5-var      |   0.0053 |   0.0041 |   0.0031 |   0.0024 |   0.0018 |   0.0013 |
-----------------------------------------------------------------------------------